0 10 0 0 0
0.1 9.95029 0 -0.0173363 0
0.2 9.80167 0 -0.034502 0
0.3 9.55558 0 -0.051328 0
0.4 9.21446 0 -0.0676482 0
0.5 8.78166 0 -0.0833011 0
0.6 8.26147 0 -0.0981315 0
0.7 7.65901 0 -0.111991 0
0.8 6.98026 0 -0.124742 0
0.9 6.23193 0 -0.136256 0
1 5.42146 0 -0.146416 0
1.1 4.55691 0 -0.15512 0
1.2 3.64687 0 -0.162279 0
1.3 2.70042 0 -0.16782 0
1.4 1.72699 0 -0.171686 0
1.5 0.736316 0 -0.173837 0
1.6 -0.261716 0 -0.174252 0
1.7 -1.25713 0 -0.172925 0
1.8 -2.23999 0 -0.169871 0
1.9 -3.20048 0 -0.165121 0
2 -4.129 0 -0.158724 0
2.1 -5.0163 0 -0.150746 0
2.2 -5.85355 0 -0.141266 0
2.3 -6.63241 0 -0.130383 0
2.4 -7.34515 0 -0.118205 0
2.5 -7.98471 0 -0.104856 0
2.6 -8.54474 0 -0.0904699 0
2.7 -9.01971 0 -0.0751894 0
2.8 -9.40493 0 -0.0591669 0
2.9 -9.6966 0 -0.0425612 0
3 -9.89184 0 -0.0255362 0
3.1 -9.98874 0 -0.00825985 0
3.2 -9.98634 0 0.00909779 0
3.3 -9.88466 0 0.0263659 0
3.4 -9.6847 0 0.0433745 0
3.5 -9.38844 0 0.0599558 0
3.6 -8.99879 0 0.075946 0
3.7 -8.51959 0 0.0911867 0
3.8 -7.95559 0 0.105526 0
3.9 -7.31234 0 0.118822 0
4 -6.59624 0 0.130939 0
4.1 -5.81437 0 0.141757 0
4.2 -4.97451 0 0.151166 0
4.3 -4.08501 0 0.15907 0
4.4 -3.15473 0 0.165389 0
4.5 -2.19294 0 0.170058 0
4.6 -1.20925 0 0.173029 0
4.7 -0.213476 0 0.174272 0
4.8 0.78443 0 0.173773 0
4.9 1.7745 0 0.171538 0
5 2.74684 0 0.16759 0
5.1 3.69175 0 0.16197 0
5.2 4.5998 0 0.154735 0
5.3 5.46193 0 0.145958 0
5.4 6.26958 0 0.13573 0
5.5 7.01471 0 0.124154 0
5.6 7.68993 0 0.111346 0
5.7 8.28854 0 0.0974361 0
5.8 8.80462 0 0.0825626 0
5.9 9.23308 0 0.0668738 0
6 9.56968 0 0.0505254 0
6.1 9.8111 0 0.0336791 0
6.2 9.95498 0 0.0165013 0
6.3 9.99988 0 -0.000838974 0
6.4 9.94538 0 -0.018171 0
6.5 9.792 0 -0.0353241 0
6.6 9.54126 0 -0.0521295 0
6.7 9.19562 0 -0.0684211 0
6.8 8.7585 0 -0.0840378 0
6.9 8.23421 0 -0.0988246 0
7 7.62792 0 -0.112634 0
7.1 6.94565 0 -0.125328 0
7.2 6.19414 0 -0.136779 0
7.3 5.38087 0 -0.146871 0
7.4 4.51391 0 -0.155502 0
7.5 3.6019 0 -0.162585 0
7.6 2.65393 0 -0.168046 0
7.7 1.67945 0 -0.171829 0
7.8 0.688186 0 -0.173897 0
7.9 -0.30995 0 -0.174228 0
8 -1.30499 0 -0.172817 0
8.1 -2.28699 0 -0.16968 0
8.2 -3.24615 0 -0.16485 0
8.3 -4.17289 0 -0.158375 0
8.4 -5.05797 0 -0.150321 0
8.5 -5.89259 0 -0.140772 0
8.6 -6.66843 0 -0.129823 0
8.7 -7.37779 0 -0.117586 0
8.8 -8.01364 0 -0.104184 0
8.9 -8.56968 0 -0.089751 0
9 -9.04042 0 -0.0744311 0
9.1 -9.4212 0 -0.0583768 0
9.2 -9.70826 0 -0.0417469 0
9.3 -9.89879 0 -0.0247059 0
9.4 -9.99091 0 -0.00742172 0
9.5 -9.9837 0 0.00993553 0
9.6 -9.87724 0 0.027195 0
9.7 -9.67258 0 0.0441867 0
9.8 -9.37173 0 0.0607432 0
9.9 -8.97766 0 0.0767008 0
10 -8.49425 0 0.0919014 0
10.1 -7.92628 0 0.106194 0
10.2 -7.27937 0 0.119435 0
10.3 -6.55992 0 0.131493 0
10.4 -5.77506 0 0.142245 0
10.5 -4.93261 0 0.151583 0
10.6 -4.04093 0 0.159413 0
10.7 -3.10891 0 0.165653 0
10.8 -2.14584 0 0.170241 0
10.9 -1.16134 0 0.173129 0
11 -0.165232 0 0.174288 0
11.1 0.832525 0 0.173705 0
11.2 1.82196 0 0.171387 0
11.3 2.7932 0 0.167357 0
11.4 3.73654 0 0.161657 0
11.5 4.64258 0 0.154345 0
11.6 5.50227 0 0.145497 0
11.7 6.30708 0 0.135201 0
11.8 7.049 0 0.123562 0