0 10 0 0 0
0.1 9.95029 0 -0.0173363 0
0.2 9.80167 0 -0.034502 0
0.3 9.55558 0 -0.051328 0
0.4 9.21446 0 -0.0676482 0
0.5 8.78166 0 -0.0833011 0
0.6 8.26147 0 -0.0981315 0
0.7 7.65901 0 -0.111991 0
0.8 6.98026 0 -0.124742 0
0.9 6.23193 0 -0.136256 0
1 5.42146 0 -0.146416 0
1.1 4.55691 0 -0.15512 0
1.2 3.64687 0 -0.162279 0
1.3 2.70042 0 -0.16782 0
1.4 1.72699 0 -0.171686 0
1.5 0.736316 0 -0.173837 0
1.6 -0.261716 0 -0.174252 0
1.7 -1.25713 0 -0.172925 0
1.8 -2.23999 0 -0.169871 0
1.9 -3.20048 0 -0.165121 0
2 -4.129 0 -0.158724 0
2.1 -5.0163 0 -0.150746 0
2.2 -5.85355 0 -0.141266 0
2.3 -6.63241 0 -0.130383 0
2.4 -7.34515 0 -0.118205 0
2.5 -7.98471 0 -0.104856 0
2.6 -8.54474 0 -0.0904699 0
2.7 -9.01971 0 -0.0751894 0
2.8 -9.40493 0 -0.0591669 0
2.9 -9.6966 0 -0.0425612 0
3 -9.89184 0 -0.0255362 0
3.1 -9.98874 0 -0.00825985 0
3.2 -9.98634 0 0.00909779 0
3.3 -9.88466 0 0.0263659 0
3.4 -9.6847 0 0.0433745 0
3.5 -9.38844 0 0.0599558 0
3.6 -8.99879 0 0.075946 0
3.7 -8.51959 0 0.0911867 0
3.8 -7.95559 0 0.105526 0
3.9 -7.31234 0 0.118822 0
4 -6.59624 0 0.130939 0
4.1 -5.81437 0 0.141757 0
4.2 -4.97451 0 0.151166 0
4.3 -4.08501 0 0.15907 0
4.4 -3.15473 0 0.165389 0
4.5 -2.19294 0 0.170058 0
4.6 -1.20925 0 0.173029 0
4.7 -0.213476 0 0.174272 0
4.8 0.78443 0 0.173773 0
4.9 1.7745 0 0.171538 0
5 2.74684 0 0.16759 0
5.1 3.69175 0 0.16197 0
5.2 4.5998 0 0.154735 0
5.3 5.46193 0 0.145958 0
5.4 6.26958 0 0.13573 0
5.5 7.01471 0 0.124154 0
5.6 7.68993 0 0.111346 0
5.7 8.28854 0 0.0974361 0
5.8 8.80462 0 0.0825626 0
5.9 9.23308 0 0.0668738 0
6 9.56968 0 0.0505254 0
6.1 9.8111 0 0.0336791 0
6.2 9.95498 0 0.0165013 0
6.3 9.99988 0 -0.000838974 0
6.4 9.94538 0 -0.018171 0
6.5 9.792 0 -0.0353241 0
6.6 9.54126 0 -0.0521295 0
6.7 9.19562 0 -0.0684211 0
6.8 8.7585 0 -0.0840378 0
6.9 8.23421 0 -0.0988246 0
7 7.62792 0 -0.112634 0
7.1 6.94565 0 -0.125328 0
7.2 6.19414 0 -0.136779 0
7.3 5.38087 0 -0.146871 0
7.4 4.51391 0 -0.155502 0
7.5 3.6019 0 -0.162585 0
7.6 2.65393 0 -0.168046 0
7.7 1.67945 0 -0.171829 0
7.8 0.688186 0 -0.173897 0
7.9 -0.30995 0 -0.174228 0
8 -1.30499 0 -0.172817 0
8.1 -2.28699 0 -0.16968 0
8.2 -3.24615 0 -0.16485 0
8.3 -4.17289 0 -0.158375 0
8.4 -5.05797 0 -0.150321 0
8.5 -5.89259 0 -0.140772 0
8.6 -6.66843 0 -0.129823 0
8.7 -7.37779 0 -0.117586 0
8.8 -8.01364 0 -0.104184 0
8.9 -8.56968 0 -0.089751 0
9 -9.04042 0 -0.0744311 0
9.1 -9.4212 0 -0.0583768 0
9.2 -9.70826 0 -0.0417469 0
9.3 -9.89879 0 -0.0247059 0
9.4 -9.99091 0 -0.00742172 0
9.5 -9.9837 0 0.00993553 0
9.6 -9.87724 0 0.027195 0
9.7 -9.67258 0 0.0441867 0
9.8 -9.37173 0 0.0607432 0
9.9 -8.97766 0 0.0767008 0
10 -8.49425 0 0.0919014 0
10.1 -7.92628 0 0.106194 0
10.2 -7.27937 0 0.119435 0
10.3 -6.55992 0 0.131493 0
10.4 -5.77506 0 0.142245 0
10.5 -4.93261 0 0.151583 0
10.6 -4.04093 0 0.159413 0
10.7 -3.10891 0 0.165653 0
10.8 -2.14584 0 0.170241 0
10.9 -1.16134 0 0.173129 0
11 -0.165232 0 0.174288 0
11.1 0.832525 0 0.173705 0
11.2 1.82196 0 0.171387 0
11.3 2.7932 0 0.167357 0
11.4 3.73654 0 0.161657 0
11.5 4.64258 0 0.154345 0
11.6 5.50227 0 0.145497 0
11.7 6.30708 0 0.135201 0
11.8 7.049 0 0.123562 0
11.9 7.72066 0 0.110698 0
12 8.31541 0 0.0967385 0
12.1 8.82737 0 0.0818221 0
12.2 9.25148 0 0.0660978 0
12.3 9.58355 0 0.0497216 0
12.4 9.82031 0 0.0328555 0
12.5 9.95943 0 0.0156659 0
12.6 9.99954 0 -0.00167793 0
12.7 9.94023 0 -0.0190052 0
12.8 9.78211 0 -0.0361454 0
12.9 9.52672 0 -0.0529297 0
13 9.17658 0 -0.0691924 0
13.1 8.73514 0 -0.0847725 0
13.2 8.20675 0 -0.0995154 0
13.3 7.59665 0 -0.113274 0
13.4 6.91087 0 -0.125911 0
13.5 6.15621 0 -0.137299 0
13.6 5.34015 0 -0.147323 0
13.7 4.47081 0 -0.155881 0
13.8 3.55685 0 -0.162886 0
13.9 2.60738 0 -0.168267 0
14 1.63186 0 -0.171969 0
14.1 0.640039 0 -0.173953 0
14.2 -0.358176 0 -0.174199 0
14.3 -1.35281 0 -0.172705 0
14.4 -2.33393 0 -0.169486 0
14.5 -3.29174 0 -0.164574 0
14.6 -4.21668 0 -0.158021 0
14.7 -5.09953 0 -0.149894 0
14.8 -5.93149 0 -0.140274 0
14.9 -6.70429 0 -0.129261 0
15 -7.41025 0 -0.116964 0
15.1 -8.04239 0 -0.103509 0
15.2 -8.59443 0 -0.08903 0
15.3 -9.06091 0 -0.0736711 0
15.4 -9.43725 0 -0.0575852 0
15.5 -9.71971 0 -0.0409317 0
15.6 -9.90552 0 -0.0238751 0
15.7 -9.99285 0 -0.00658341 0
15.8 -9.98083 0 0.010773 0
15.9 -9.8696 0 0.0280235 0
16 -9.66024 0 0.044998 0
16.1 -9.35481 0 0.0615293 0
16.2 -8.95632 0 0.0774539 0
16.3 -8.46871 0 0.092614 0
16.4 -7.89679 0 0.106859 0
16.5 -7.24622 0 0.120046 0
16.6 -6.52344 0 0.132043 0
16.7 -5.73562 0 0.14273 0
16.8 -4.89059 0 0.151997 0
16.9 -3.99675 0 0.159751 0
17 -3.06302 0 0.165913 0
17.1 -2.09869 0 0.17042 0
17.2 -1.1134 0 0.173225 0
17.3 -0.116983 0 0.1743 0
17.4 0.8806 0 0.173633 0
17.5 1.86939 0 0.171231 0
17.6 2.8395 0 0.16712 0
17.7 3.78125 0 0.16134 0
17.8 4.68525 0 0.153953 0
17.9 5.54249 0 0.145032 0
18 6.34443 0 0.134669 0
18.1 7.08312 0 0.122968 0
18.2 7.75121 0 0.110048 0
18.3 8.3421 0 0.0960386 0
18.4 8.84992 0 0.0810797 0
18.5 9.26967 0 0.0653203 0
18.6 9.5972 0 0.0489166 0
18.7 9.82929 0 0.032031 0
18.8 9.96365 0 0.0148301 0
18.9 9.99895 0 -0.00251684 0
19 9.93486 0 -0.019839 0
19.1 9.77199 0 -0.0369659 0
19.2 9.51196 0 -0.0537287 0
19.3 9.15732 0 -0.0699621 0
19.4 8.71157 0 -0.0855053 0
19.5 8.17911 0 -0.100204 0
19.6 7.56521 0 -0.113911 0
19.7 6.87594 0 -0.126491 0
19.8 6.11813 0 -0.137815 0
19.9 5.29931 0 -0.147771 0
20 4.42761 0 -0.156256 0
20.1 3.51172 0 -0.163184 0
20.2 2.56077 0 -0.168485 0
20.3 1.58424 0 -0.172105 0
20.4 0.591878 0 -0.174005 0
20.5 -0.406394 0 -0.174167 0
20.6 -1.40061 0 -0.172589 0
20.7 -2.38082 0 -0.169287 0
20.8 -3.33726 0 -0.164295 0
20.9 -4.26038 0 -0.157664 0
21 -5.14096 0 -0.149462 0
21.1 -5.97025 0 -0.139773 0
21.2 -6.73999 0 -0.128695 0
21.3 -7.44255 0 -0.11634 0
21.4 -8.07095 0 -0.102832 0
21.5 -8.61897 0 -0.088307 0
21.6 -9.0812 0 -0.0729094 0